QProp_8x4_5

    2     4 ! Nblades [R]

 0.1973  7.1071 ! CL0     CL_a
-0.4229  1.4377 ! CLmin   CLmax

 0.0692 -0.2684 -0.2684  0.9603 !  CD0    CD2u   CD2l   CLCD0
50000 -0.50 !  REref  REexp

0.0254  0.0254   1.0  !  Rfac   Cfac   Bfac
0.      0.       0.0000  !  Radd   Cadd   Badd 

#  r    chord    beta [  CL0  CL_a   CLmin CLmax  CD0   CD2u   CD2l   CLCD0  REref  REexp ]
 0.6000  0.5744 40.7984  0.2897  3.3846 -0.0057  0.8804  0.0521  0.2730  0.2730  0.3389 12017.1963 -0.5000 
 0.6800  0.5932 43.7562  0.3092  3.2584  0.0248  0.8779  0.0517  0.3103  0.3103  0.3732 14067.2571 -0.5000 
 0.7600  0.6524 43.7971  0.3190  3.2128  0.0387  0.8798  0.0497  0.3220  0.3220  0.3817 17290.3576 -0.5000 
 0.8400  0.6864 43.5660  0.3203  3.2275  0.0386  0.8836  0.0474  0.3154  0.3154  0.3729 20106.8992 -0.5000 
 0.9200  0.7127 39.9646  0.3215  3.2419  0.0386  0.8873  0.0451  0.3090  0.3090  0.3643 22865.5361 -0.5000 
 1.0000  0.7614 39.5138  0.3321  3.2152  0.0515  0.8932  0.0391  0.2669  0.2669  0.3069 26552.8646 -0.5000 
 1.0800  0.7673 35.7461  0.3465  3.1581  0.0709  0.8977  0.0327  0.2107  0.2107  0.2301 28897.7491 -0.5000 
 1.1600  0.8090 35.0407  0.3136  3.8069 -0.0186  0.9780  0.0434  0.0828  0.0828  0.3818 32724.4375 -0.5000 
 1.2400  0.8392 33.9011  0.2615  4.6909 -0.1478  1.0802  0.0614 -0.0500 -0.0500  0.6274 36289.7158 -0.5000 
 1.3200  0.8593 31.9398  0.2139  5.5000 -0.2661  1.1738  0.0779 -0.1716 -0.1716  0.8522 39552.5203 -0.5000 
 1.4000  0.8627 30.3112  0.2037  5.8694 -0.3085  1.2281  0.0777 -0.1730 -0.1730  0.8878 42116.8151 -0.5000 
 1.4800  0.8617 29.2267  0.1996  6.1568 -0.3377  1.2742  0.0748 -0.1561 -0.1561  0.8931 44471.0202 -0.5000 
 1.5600  0.8637 27.6623  0.1981  6.5732 -0.3755  1.3454  0.0722 -0.1984 -0.1984  0.9205 46986.1245 -0.5000 
 1.6400  0.8420 26.9130  0.1978  6.7796 -0.3938  1.3811  0.0710 -0.2255 -0.2255  0.9359 48151.1504 -0.5000 
 1.7200  0.8435 25.8019  0.2085  7.0408 -0.4060  1.4373  0.0680 -0.2494 -0.2494  0.9521 50589.6672 -0.5000 
 1.8000  0.8200 25.2011  0.2252  6.9419 -0.3806  1.4368  0.0663 -0.2210 -0.2210  0.9400 51469.3205 -0.5000 
 1.8800  0.8210 23.2861  0.2699  6.6771 -0.3128  1.4352  0.0616 -0.1451 -0.1451  0.9075 53824.1700 -0.5000 
 1.9600  0.7928 23.8096  0.2767  6.6365 -0.3024  1.4350  0.0609 -0.1334 -0.1334  0.9025 54185.3094 -0.5000 
 2.0400  0.8077 21.6523  0.3226  6.3967 -0.2356  1.4390  0.0575 -0.1028 -0.1028  0.9074 57460.4633 -0.5000 
 2.1200  0.7913 21.0472  0.3354  6.3342 -0.2173  1.4409  0.0567 -0.1010 -0.1010  0.9142 58497.8758 -0.5000 
 2.2000  0.7675 21.4705  0.3402  6.3110 -0.2106  1.4416  0.0564 -0.1003 -0.1003  0.9167 58882.9804 -0.5000 
 2.2800  0.7414 20.9974  0.3410  6.3072 -0.2094  1.4418  0.0564 -0.1002 -0.1002  0.9171 58946.5775 -0.5000 
 2.3600  0.7295 20.3280  0.3543  6.2439 -0.1906  1.4440  0.0556 -0.0982 -0.0982  0.9241 60039.9167 -0.5000 
 2.4400  0.7252 19.3869  0.3668  6.2505 -0.1787  1.4577  0.0541 -0.0945 -0.0945  0.9266 61703.8253 -0.5000 
 2.5200  0.7095 18.6562  0.3717  6.2531 -0.1740  1.4630  0.0536 -0.0931 -0.0931  0.9276 62349.7943 -0.5000 
 2.6000  0.6763 17.4472  0.3639  6.2489 -0.1814  1.4545  0.0545 -0.0954 -0.0954  0.9260 61315.0670 -0.5000 
 2.6800  0.6633 17.5327  0.3690  6.2516 -0.1766  1.4601  0.0539 -0.0939 -0.0939  0.9270 61991.8184 -0.5000 
 2.7600  0.6314 17.2180  0.3598  6.2468 -0.1854  1.4500  0.0549 -0.0966 -0.0966  0.9252 60768.3063 -0.5000 
 2.8400  0.6193 16.6436  0.3640  6.2490 -0.1813  1.4547  0.0545 -0.0954 -0.0954  0.9261 61335.4052 -0.5000 
 2.9200  0.5932 16.5756  0.3570  6.2453 -0.1880  1.4470  0.0552 -0.0974 -0.0974  0.9247 60403.4893 -0.5000 
 3.0000  0.5534 16.7133  0.3280  6.3705 -0.2280  1.4398  0.0571 -0.1020 -0.1020  0.9103 57895.0637 -0.5000 
 3.0800  0.5385 15.5392  0.3272  6.3743 -0.2291  1.4397  0.0572 -0.1022 -0.1022  0.9098 57832.5583 -0.5000 
 3.1600  0.5036 16.7280  0.2983  6.5150 -0.2702  1.4354  0.0589 -0.1063 -0.1063  0.8945 55496.1195 -0.5000 
 3.2400  0.4914 15.7129  0.2986  6.5135 -0.2698  1.4354  0.0589 -0.1062 -0.1062  0.8947 55520.9336 -0.5000 
 3.3200  0.4559 16.2360  0.2500  6.7948 -0.3430  1.4359  0.0637 -0.1788 -0.1788  0.9220 52777.1564 -0.5000 
 3.4000  0.4389 15.7621  0.2360  6.8775 -0.3641  1.4364  0.0651 -0.2025 -0.2025  0.9321 52042.2163 -0.5000 
 3.4800  0.4013 15.4483  0.1976  6.8759 -0.4024  1.3977  0.0705 -0.2381 -0.2381  0.9431 48694.9798 -0.5000 
 3.5600  0.3755 15.1200  0.1982  6.5074 -0.3697  1.3340  0.0726 -0.1898 -0.1898  0.9156 46614.8376 -0.5000 
 3.6400  0.3477 13.6081  0.2002  6.1161 -0.3336  1.2676  0.0752 -0.1585 -0.1585  0.8923 44138.0092 -0.5000 
 3.7200  0.3018 14.4440  0.2199  5.3988 -0.2513  1.1621  0.0759 -0.1564 -0.1564  0.8240 39144.2185 -0.5000 
 3.8000  0.2887 13.2782  0.2328  5.1791 -0.2192  1.1367  0.0714 -0.1234 -0.1234  0.7630 38258.5374 -0.5000 
